

\\\\\САМОЕ НОРМ
[-0.2967104 0.75093675 -0.8427707 -0.29706246;-0.25573024 -0.73763734 2.1479099 0.9733595;-2.2259872 1.0593239 0.835875 0.7251872;-0.67101866 4.37675 -1.0198654 -0.4955836;-0.50458854 -0.5924841 0.27698582 0.32329103]
[0.5618642 -0.65969646 0.4967329 -0.04581584]
[0.48427567 -0.55885017 -0.19162633 0.7049588;-0.39382878 -1.9235756 -0.09749161 0.30372635;-0.04935494 2.1152298 -0.5692131 1.1828177;-0.35803828 0.8201983 -0.16983145 -0.29639044]
[-0.08950002 0.08517139 0.33799982 -0.19827443]
[-0.30004087;-0.5081461;0.00530041;0.02547394]
dtype=float32), array([0.58214855], dtype=float32)]
Сохранить модель? y|ny

Process finished with exit code 0

\\\\\Uz-u
[-0.47659492 1.4313046 -3.2551308 1.0470903;-6.8271914 4.3113766 5.563381 4.620137]
[0.21238832 0.0427749 1.6912962 0.3942985]
[-0.84589016 8.196024 0.96617347 0.56142735;1.682311 -2.5960956 0.06832007 0.3517376;-1.3416172 1.5112888 -2.679109 -0.46260154;0.6385851 -0.7607049 0.18122831 0.21444851]
[0.49845034 -0.06359054 0.24060665 0.5100701]
[0.6302523;0.37529528;0.4512647;0.0340744]
 dtype=float32), array([0.42680344], dtype=float32)]
 
 \\\\ Uz-u-t
[0.43842214 -1.5843254 -1.047842 1.4522376;-0.03906738 1.7587346 0.3628061 -0.4271535;-4.660363 3.8682756 -0.19043295 -4.67573]
[0.35126317 0.2690517 0.55589134 -0.30704316]
[0.5588356 0.22690327 -0.2549362 -1.6364282;0.21245697 0.55114615 -0.41298887 5.8117685;1.426457 0.25028828 0.13751768 0.08751651;0.08483069 0.20617314 -0.13200025 -2.6008055]
[-0.03497525 -0.01341864 0.09388223 0.22126006]
[-0.13987133;-0.036736;0.04944304;-0.46752682]
 dtype=float32), array([0.55593985], dtype=float32)]
 
 
 \\\Uz-u-Unc
[0.8107386 0.19812307 0.468917 0.28013942;0.8758987 0.66798854 -0.4994823 -0.6044647;0.24651745 -2.2639208 -2.4994807 1.4300258]
[0.22802155 0.6840186 0.309331 -0.46557188]
[0.6503465 -0.84210587 0.00257358 -0.35923356;-0.68590057 -1.6854857 0.54974526 0.76848686;-0.6591912 -0.4361445 0.4079442 0.5677457;0.32430437 0.41699985 0.42085087 0.19814812]
[0.07017713 -0.50876284 -0.3248671 -0.1368034]
[0.2552006;0.43985996;-0.03023408;-0.16467004]
 dtype=float32), array([0.6121616], dtype=float32)]
 
 \\\\Uz-u-pU
 
[0.5090665 -1.0403328 -0.24179222 0.43798393;-1.359465 1.8508394 -0.84241575 -0.46589968;-1.5207361 -2.7460833 -0.4438362 -0.207364]
[0.08321409 0.989108 0.04310245 0.01637955]
[-1.3807497 -0.58692616 -1.5971994 0.3039192;-0.8455923 -0.60727936 1.8425778 0.34948462;-0.6441925 -1.0950187 -0.7803791 0.00749793;-0.6418782 0.44647774 -0.01308263 -0.29290685]
[0.09918502 -0.11363374 -0.06724861 -0.14231975]
[0.1782447;0.21580948;-0.55250376;-0.10694434]
 dtype=float32), array([0.71656376], dtype=float32)]
 
  \\\\Uz-u-pU-t
[-1.1125419 0.5177968 -0.29157275 -0.794014;1.9349171 -1.1482425 -0.01384423 -0.22418399;0.08607359 0.09567817 -3.7432816 -2.0112495;1.7364974 -2.1530979 0.5395803 -0.07776319]
[0.38908142 -0.513457 0.22993177 0.17208038]
[0.2335696 -0.747384 -0.7724403 -1.8296046;0.16460651 -0.72324234 0.02418569 1.127559;-0.2550377 0.11262405 0.78937477 -0.83099586;-0.72066444 0.991484 0.27522692 -0.98638093]
[-0.36267802 0.38679096 0.58341813 -0.45329732]
[0.0858844;-0.15432741;-0.1052685;0.5538724]
 dtype=float32), array([0.7057952], dtype=float32)]
 
 
   \\\\Uz-u-oldU-pU
[0.4722804 -0.58873093 -0.20085107 0.705329;-0.01430461 0.7751967 0.13729034 -2.3330665;0.7219707 -0.8239465 -1.1429828 -1.5322076;2.5822802 -4.918145 -0.89177716 1.8441769]
[-0.05763315 0.22763684 -0.06428532 -0.39408803]
[0.43002585 -0.5617045 -0.60241336 0.18302108;0.88641983 1.2993612 -0.20043078 0.37962478;0.02341245 0.21801084 1.1548615 0.01417834;0.3004039 -2.3515885 0.37927586 0.37705714]
[0.1509881 0.44784823 0.5142682 0.20726259]
[-0.009305;-0.5556525;-0.28436682;-0.04094019]
dtype=float32), array([0.5886766], dtype=float32)]

   \\\\Uz-u-oldU-pU-t
   
[1.7105659 -0.81025755 -0.09363382 -0.02961898;0.3071229 1.1575657 -2.1472752 -1.28211;1.4784701 1.5700231 0.21772605 -1.2524371;0.14817679 1.8956108 2.6999145 -0.82563627;0.92281944 -0.04242614 -1.0522127 -0.72130257]
[-1.0645008 -0.49507502 0.3840609 0.42811888]
[0.3960824 1.2435443 0.15038867 -0.6178038;0.68258226 0.20692104 0.43760192 -0.58512247;-1.9915364 0.0165639 0.33295485 -0.5839995;-0.8296556 -0.42870048 -0.4305259 -0.12594777]
[-0.14949621 0.13492736 -0.07242514 -0.04608983]
[-0.55744207;0.7434478;0.13904075;-0.27067068]
dtype=float32), array([0.15377758], dtype=float32)]
Сохранить модель? y|n

   \\\\Uz-u-Unc-pU пришлость доучить на 1.0.0.0  0.8
   
[0.8197855 -0.32860133 -0.24960516 -0.69080067;-2.7099214 0.8446361 0.5852354 0.0471281;-0.07401513 1.3961246 1.0811518 -0.68455285;0.56213576 -0.84813654 -1.5567107 -4.2675705]
[-0.57504123 -0.2985555 0.03030036 0.69936997]
[-2.2861004 0.25022432 0.13623458 1.7372031;0.15464662 0.06371415 -0.7057714 -1.3601296;0.73052806 -0.2092872 -0.51241654 -0.768255;1.637877 -0.22523773 0.53459644 -0.5240695]
[-0.12756933 0.2572576 -0.03623395 -0.03354928]
[-0.43024313;0.00347395;-0.31216815;0.17761666]
dtype=float32), array([0.65954375], dtype=float32)]

   \\\\Uz-u-Unc-pU-t пришлость доучить на 1.0.0.0.01  0.8
[0.5202523 -0.29328978 -0.04331882 1.3705486;0.6056152 -0.1648741 0.02833216 -3.686469;0.06843949 -1.6459306 -1.0334059 -0.6602638;-0.0739442 -1.381718 -1.0309423 1.6584636;0.70466477 -0.562416 0.78729165 -2.576634]
[-0.2119702 0.38549137 0.04948306-0.72919273]
[0.6585814 0.08685352 -0.02582384 -0.35026994;-0.8848731 0.6144993 -0.10583077 1.134378;1.2005081 0.80181295 -0.21960063 -0.1938331;-0.03935461 -1.3917222 -0.1218254 -0.93952596]
[1.0933731 -0.09864943 -0.0982082 -0.07651217]
[0.42743376;-0.61183876;-0.00764853;-0.10113638]
 dtype=float32), array([0.28448907], dtype=float32)]


\\\\\Unc-t

[-5.4662914 11.510206 0.20711157 -8.89033;2.9721944 3.0705688 0.13593622 0.06187682]
[3.3573172 -0.10193199 -0.12027168 1.8021038]
[-4.0026999e+00 -2.2720032e+00 1.4762957e+00 5.0371456e+00;-5.8283405e+00 1.0557145e+00 -3.3663182e+00 7.9983729e-01;2.2775064e+00 4.0044850e-03 2.4307044e-03 -4.7242757e-02;-9.8201233e-01 -2.6084054e+00 5.3113413e-01 3.8952944e-01]
[-4.1885715 -1.7612479 1.6804198 1.4762334]
[-0.41052783;0.25286025;-0.15323846;-0.22776523]
 dtype=float32), array([0.24762045], dtype=float32)]
 
    \\\\Uz-u-pU-deltaU
 
[1.4828427 -2.3379805 -0.41578475 -1.2141875;0.99607146 -1.5840487 -0.80052376 -2.0374205;2.4418945 -14.052909 9.272777 7.6035686;0.50990415 -0.20950706 -5.68319 -2.5240731]
[1.5430278 2.1249135 -1.5241032 -2.072374]
[0.23616965 0.81935227 0.3541224 -0.49822772;-5.105138 -0.8341434 0.20220155 0.63573635;-1.0085827 0.8563358 5.053436 0.94372994;-2.6078262 1.2371554 4.4857464 2.7654943]
[0.54552615 -0.0180919 -0.67412746 -1.2103087]
[0.07194012;0.20475474;0.14786533;0.26836908]
 dtype=float32), array([0.65936685], dtype=float32)]
Сохранить модель? y|n

\\\\\Uz-U-DeltaU

[-0.18523198 0.1095927 -2.9527817 0.44056395;-2.2427104 2.4598498 -1.7197093 -1.0418022;39.913177 -37.803642 1.502083 -5.72341]
[-1.1035792 1.1103054 0.7316658 -0.18137328]
[-5.7997785 0.01844684 1.2052779 0.6322137;4.1850038 0.05574111 -0.20760891 0.3622329;-0.3697858 0.10888815 -1.7584413 -0.04296181;1.7165415 0.14743672 0.20350601 -0.14365551]
[0.15537521 0.18721066 -0.33137307 0.19741543]
[-0.4157826;-0.04620024;0.19083537;0.05841919]
 dtype=float32), array([0.64041144], dtype=float32)]
 
 
